10
145645446544854548978994977997979883459837519875498173459817345981734658971658917356981735698173456983471938475689134756918347193857138456198375614385712938576183495613984756183476349872394867139456189327568134756128375198473561839475618347683147618347938416981734561892735687134567182356724356178235681743561873456183746518972345681734569182735691823761928375691283576129385765987151932576193501345601345601348756834569437534651983745103485726384756238745629345620345720363
12134
12131
121313
10203040
1233
1456454465
14564544
111
1225
